0 0.862800278125 0.07064717499999999 0.8245667187500001 0.06906016875 0.8468010796875 0.24751274531249998 0.8474939484374999 0.2786918125 0.8854503609375 0.2678071921875 0.862800278125 0.07064717499999999
0 0.971013103125 1 0.9826777609375 0.9809864562499999 0.947327834375 0.9596912968750001 0.9191402109375 1 0.971013103125 1
0 0.91725578125 1 0.843579021875 0.9246137843750001 0.7653935890625 0.8441156859375001 0.7518358859375 0.8319054234375001 0.7511146531249999 0.8741857312500001 0.8005488640625 0.93138724375 0.8417485484375 0.9917141218750001 0.85387673125 1 0.91725578125 1
5 0.7409895833333333 0.5275462962962962 0.11776041666666667 0.13975694444444448
5 0.5932118055555555 0.4058449074074074 0.07624999999999993 0.20219907407407406
5 0.479756328125 0.20974081249999998 0.5516202046875 0.304711965625 0.58322734375 0.307053234375 0.5890784015625 0.19667187656250001 0.5639313921875 0.18609336875 0.5435249046874999 0.23936660625 0.520873521875 0.1916196640625 0.4809209984375 0.187415109375 0.479756328125 0.20974081249999998
5 0.5100279609375 0.7498705718750001 0.582252128125 0.8610548421875001 0.6303553796875 0.9330990828125 0.66038213125 0.9390586140625 0.6475179468750001 0.8833208828125001 0.6165766125000001 0.8362049812500001 0.5774284640625 0.7934616046875 0.5573004234375001 0.7097933953125 0.5504252203125 0.6246166578125 0.60385295 0.56258345 0.591099625 0.51183436875 0.5624315484375 0.4922792703125 0.5569968609375 0.54666153125 0.5197887453125001 0.5912195453125 0.49957625937500005 0.6532229203125001 0.5100279609375 0.7498705718750001
0 0.706436853125 1 0.6689492312499999 0.9508992031249999 0.6527850453124999 0.9708687203125 0.6674600109375 1 0.706436853125 1
0 0.5521173953125 1 0.557298471875 0.9339130093750001 0.5487036562500001 0.9208252578125 0.5353399578125 0.9173451343749999 0.5201715609375 1 0.5521173953125 1
0 0.48111499999999996 0.19614524687499998 0.5040718953125001 0.1829044421875 0.44756783125000005 0.10650258906250001 0.3910076859375 0.10231294843750001 0.3877631125 0.180514525 0.4365598828125 0.20903129531250003 0.42793800312499997 0.11998984531250001 0.48111499999999996 0.19614524687499998
0 0.337633434375 0.39096009375 0.3505814109375 0.3757327765625 0.2703167234375 0.2764040109375 0.2661027859375 0.23624835625 0.24641817812500003 0.17253475000000001 0.218249615625 0.1007220421875 0.188167434375 0.09226818437499999 0.2317789515625 0.186391678125 0.22820180156249997 0.24962730312499998 0.27317199062499997 0.33015523281250003 0.337633434375 0.39096009375
0 0.116794625 0.9162244109375 0.14887356406250002 0.8650609078124999 0.111085390625 0.65930889375 0.092731090625 0.655459096875 0.0838301125 0.77806563125 0.1021837640625 0.856621965625 0.095334975 0.9221054656250001 0.116794625 0.9162244109375
0 0.07753561875000001 0.8684923843749999 0.054246148437499996 0.8667672375000001 0.050530425000000004 0.9237670484375 0.052137878125 0.9961024859375 0.07861584375 0.9918382671874999 0.07753561875000001 0.8684923843749999
0 1 0.824218296875 0.9965003781249999 0.8182784203125 0.9798373265625001 0.8157990109375 0.587160234375 0.7829764890625001 0.5893226328125001 0.8055486437500001 0.814121396875 0.83216128125 1 0.841211296875 1 0.824218296875
0 0.0121634921875 0.31829192968750003 0.1288306171875 0.561014571875 0.1668424578125 0.5526242765625 0.042107098437500004 0.3205099734375 0.0121634921875 0.31829192968750003