0 0.1460980375 0.216270484375 0.1477147296875 0.1850914171875 0.1751964125 0.0079943125 0.13699980625 0.00674715 0.10854810625 0.2025516953125 0.1460980375 0.216270484375
0 0 0.9270088890625001 0.0375405140625 0.9945000125 0.0789995203125 0.9969943375 0.06199400468750001 0.9720510843750001 0.1306693859375 0.9308947140624999 0.17356890625000002 0.8735252296875 0.22459209531250002 0.8198972343750001 0.2251272640625 0.7774937015625001 0.211236984375 0.788718165625 0.13083437343749998 0.8635479281249999 0.053952834375 0.9346362031250001 0.0262725953125 0.8909855078125 0 0.9046745109375 0 0.9270088890625001
5 0.24498263888888888 0.4734375 0.12164930555555556 0.13125
5 0.3960474537037037 0.3625 0.08208333333333337 0.196875
5 0.514574065625 0.15204160625000002 0.47458458906249995 0.1532887671875 0.450565946875 0.1994337890625 0.43178538906249997 0.1445586296875 0.406379709375 0.1532887671875 0.408941953125 0.26428624843750004 0.4405490921875 0.26428624843750004 0.51507358125 0.174490534375 0.514574065625 0.15204160625000002
5 0.46380746093749997 0.553627996875 0.428003559375 0.5062358140625001 0.42419480312499996 0.4513606546875 0.395009384375 0.4688209328125 0.380777940625 0.518707440625 0.43224716250000006 0.5848070640625 0.4228591578125 0.669614128125 0.400292221875 0.751926865625 0.35996157812499996 0.7918360734375 0.32768993750000003 0.8367339296875 0.313199821875 0.8916090890625 0.34333743125 0.8878676015625 0.393473096875 0.819273653125 0.4688382671875 0.713264821875 0.482135346875 0.61723329375 0.46380746093749997 0.553627996875
0 0.30430014375000003 0.9028335546875 0.22804745468749998 0.99387643125 0.2812805328125 0.99387643125 0.31983613125 0.92403531875 0.30430014375000003 0.9028335546875
0 0.45595156875000004 0.99387643125 0.43861152499999995 0.8791374624999999 0.4251739203125 0.8816317874999999 0.416209575 0.894103415625 0.42101736093750003 0.99387643125 0.45595156875000004 0.99387643125
0 0.6077319515624999 0.15204160625000002 0.6068154156250001 0.07347035468749999 0.5502552703125 0.07347035468749999 0.4916079328125 0.1458057921875 0.5141213921875 0.16077174375 0.5694416625 0.0884363078125 0.558196121875 0.176984859375 0.6077319515624999 0.15204160625000002
0 0.7274707234375 0.21689406562500002 0.722074290625 0.256803271875 0.6390381296875 0.350340475 0.65150571875 0.36655359062500004 0.7176300453125 0.31043126875 0.7648913187499999 0.23310718125 0.7631987703124999 0.1695018828125 0.809507853125 0.07845900624999999 0.779240909375 0.08469481875 0.7490029796875 0.15453593125 0.7274707234375 0.21689406562500002
0 0.8932623718749999 0.7731286328125 0.8880197375 0.649659525 0.8695915328125 0.65215385 0.825780025 0.8554413703125 0.8562699874999999 0.9090693671875 0.8775079187499999 0.9165523437499999 0.8726176375 0.8504527203125001 0.8932623718749999 0.7731286328125
0 0.9184139312499999 0.99387643125 0.92216465625 0.9215409937500001 0.9201487687500001 0.864171509375 0.8968592984375 0.864171509375 0.8921207296875 0.9876406171875001 0.9184139312499999 0.99387643125
0 0 0.768981453125 0.1629710875 0.7731286328125 0.3880654765625 0.76315133125 0.390893028125 0.7407024015625 0 0.7444258406250001 0 0.768981453125
0 0.9484732203125 0.3179142453125 0.8171232796875 0.5411563687500001 0.85480254375 0.5523808328125 0.9784168265625001 0.3179142453125 0.9484732203125 0.3179142453125