0 0.1756109328125 0.0079943125 0.1373496578125 0.00674715 0.1190507875 0.2025516953125 0.15731206250000002 0.216270484375 0.15731206250000002 0.1850914171875 0.1756109328125 0.0079943125
0 0.0375376375 0.9096929484375 0.08910718125 0.9945000125 0.1306955234375 0.9969943375 0.112396653125 0.9720510843750001 0.17893799999999999 0.9308947140624999 0.21886280781249998 0.8735252296875 0.2671052859375 0.8198972343750001 0.2654417515625 0.7774937015625001 0.25213348125 0.788718165625 0.1756109328125 0.8635479281249999 0.10241545156250001 0.9346362031250001 0.07247184375 0.8909855078125 0.0375376375 0.9096929484375
5 0.26953125 0.4734375 0.11484375 0.13125
5 0.41484375 0.3625 0.071875 0.196875
5 0.5224577046875 0.15204160625000002 0.4825328953125 0.1532887671875 0.4609069578125 0.1994337890625 0.439281021875 0.1445586296875 0.41432801562500005 0.1532887671875 0.42264568437500005 0.26428624843750004 0.4542528234375 0.26428624843750004 0.5241212390625 0.174490534375 0.5224577046875 0.15204160625000002
5 0.439281021875 0.751926865625 0.40101974531250006 0.7918360734375 0.371076140625 0.8367339296875 0.3594314046875 0.8916090890625 0.3893750109375 0.8878676015625 0.435953953125 0.819273653125 0.50582236875 0.713264821875 0.5141400359375 0.61723329375 0.4925140984375 0.553627996875 0.4542528234375 0.5062358140625001 0.4475986890625 0.4513606546875 0.4193186171875 0.4688209328125 0.40767388125000004 0.518707440625 0.4625704921875 0.5848070640625 0.45757989062500004 0.669614128125 0.439281021875 0.751926865625
0 0.3511137359375 0.9028335546875 0.2795817875 0.99387643125 0.33281486562499996 0.99387643125 0.3677490734375 0.92403531875 0.3511137359375 0.9028335546875
0 0.4708881609375 0.8816317874999999 0.4625704921875 0.894103415625 0.47255169375 0.99387643125 0.5074859015625 0.99387643125 0.4841964296875 0.8791374624999999 0.4708881609375 0.8816317874999999
0 0.5673731140625 0.176984859375 0.615615590625 0.15204160625000002 0.6106249890625 0.07347035468749999 0.55406484375 0.07347035468749999 0.4991682328125 0.1458057921875 0.5224577046875 0.16077174375 0.5740272484375 0.0884363078125 0.5673731140625 0.176984859375
0 0.6572039328125 0.350340475 0.6705122015625 0.36655359062500004 0.73372648125 0.31043126875 0.7769783578125 0.23310718125 0.7719877562499999 0.1695018828125 0.8135760984375 0.07845900624999999 0.7836324921875 0.08469481875 0.757015953125 0.15453593125 0.7387170828125 0.21689406562500002 0.735390015625 0.256803271875 0.6572039328125 0.350340475
0 0.9167151859375 0.8504527203125001 0.9333505234375 0.7731286328125 0.9217057875 0.649659525 0.9034069171875 0.65215385 0.87013624375 0.8554413703125 0.9034069171875 0.9090693671875 0.9250328546875 0.9165523437499999 0.9167151859375 0.8504527203125001
0 0.9649576625 0.864171509375 0.9416681921875 0.864171509375 0.943331725 0.9876406171875001 0.9699482640625 0.99387643125 0.9699482640625 0.9215409937500001 0.9649576625 0.864171509375
0 0.20305923906249998 0.7731286328125 0.4276362859375 0.76315133125 0.42929981875 0.7407024015625 0.0367058703125 0.744443890625 0.020070534374999997 0.7456910531250001 0.0067622640625 0.7681399812499999 0.20305923906249998 0.7731286328125
0 0.9649576625 0.3179142453125 0.8451832390625 0.5411563687500001 0.8834445125 0.5523808328125 0.99490126875 0.3179142453125 0.9649576625 0.3179142453125